1
2
3
5
6
8
9
10
11
12
14
15
16
18
19
20
21
23
24
25
26
27
28
29
30
31
33
35
37
39
42
43
44
45
48
49
50
51
52
53
54
56
57
58
59
60
62
63
64
65
66
67
68
69
71
72
73
74
75
78
79
81
83
85
86
87
89
90
91
93
94
95
99
101
102
103
104
105
106
107
108
109
110
111
112
113
115
118
119
120
121
123
124
126
127
130
131
132
133
134
135
136
137
138
139
140
141
142
144
145
147
148
149
150
151
152
153
154
155
156
157
160
162
163
164
165
166
167
168
172
174
175
176
177
178
179
180
183
184
186
187
188
189
190
191
193
194
196
198
199
200
201
202
204
207
209
210
212
213
214
215
216
217
218
219
222
223
224
226
227
228
229
230
237
238
242
244
246
247
248
249
250
253
273
