8
16
25
26
28
29
30
27
31
32
33
34
37
39
42
43
44
45
48
49
50
51
52
53
54
56
57
58
59
60
61
62
63
64
65
69
68
67
66
71
72
73
74
75
79
78
83
81
85
86
87
89
90
91
93
94
95
97
99
101
102
103
104
105
106
107
108
109
110
111
112
113
115
116
118
119
120
121
123
124
126
127
130
131
132
133
134
135
140
139
138
137
136
141
142
143
144
145
146
147
148
149
150
151
152
153
154
155
156
157
158
160
162
163
164
165
166
167
168
172
174
175
176
177
178
179
180
183
184
186
187
189
190
194
193
192
191
196
198
199
200
204
201
202
207
209
210
212
213
214
215
216
217
218
219
220
222
223
224
226
227
228
230
238
242
244
246
247
248
249
250
253
273
92
14
15
96
188
13
5
6
9
3
2
12
1
47
77
114
125
169
181
195
208
236
237
245
281
10
11
18
19
20
21
23
24
88
98
206
241
276
