001
002
003
005
006
008
009
010
011
012
014
015
016
018
019
020
021
023
024
025
026
027
028
029
030
031
033
035
037
039
042
043
044
045
048
049
050
051
052
053
054
056
057
058
059
060
062
063
064
065
066
067
068
069
071
072
073
074
075
078
079
081
083
085
086
087
089
090
091
093
094
095
099
101
102
103
104
105
106
107
108
109
110
111
112
113
115
118
119
120
121
123
124
126
127
130
131
132
133
134
135
136
137
138
139
140
141
142
144
145
147
148
149
150
151
152
153
154
155
156
157
160
162
163
164
165
166
167
168
172
174
175
176
177
178
179
180
183
184
186
187
188
189
190
191
193
194
196
198
199
200
201
202
204
207
209
210
212
213
214
215
216
217
218
219
222
223
224
226
227
228
229
230
237
238
242
244
246
247
248
249
250
253
273